{
 "cells": [
  {
   "cell_type": "code",
   "execution_count": 1,
   "metadata": {},
   "outputs": [],
   "source": [
    "import pandas as pd"
   ]
  },
  {
   "cell_type": "code",
   "execution_count": 2,
   "metadata": {},
   "outputs": [],
   "source": [
    "import numpy as np"
   ]
  },
  {
   "cell_type": "code",
   "execution_count": 3,
   "metadata": {},
   "outputs": [],
   "source": [
    "num=['one','two','three','four','five','six','seven']"
   ]
  },
  {
   "cell_type": "code",
   "execution_count": 4,
   "metadata": {},
   "outputs": [],
   "source": [
    "data=pd.DataFrame(np.random.randn(7,4),index=num,columns=list('abcd'))"
   ]
  },
  {
   "cell_type": "code",
   "execution_count": 5,
   "metadata": {},
   "outputs": [
    {
     "data": {
      "text/html": [
       "<div>\n",
       "<style scoped>\n",
       "    .dataframe tbody tr th:only-of-type {\n",
       "        vertical-align: middle;\n",
       "    }\n",
       "\n",
       "    .dataframe tbody tr th {\n",
       "        vertical-align: top;\n",
       "    }\n",
       "\n",
       "    .dataframe thead th {\n",
       "        text-align: right;\n",
       "    }\n",
       "</style>\n",
       "<table border=\"1\" class=\"dataframe\">\n",
       "  <thead>\n",
       "    <tr style=\"text-align: right;\">\n",
       "      <th></th>\n",
       "      <th>a</th>\n",
       "      <th>b</th>\n",
       "      <th>c</th>\n",
       "      <th>d</th>\n",
       "    </tr>\n",
       "  </thead>\n",
       "  <tbody>\n",
       "    <tr>\n",
       "      <th>one</th>\n",
       "      <td>-0.216263</td>\n",
       "      <td>-1.012578</td>\n",
       "      <td>1.918436</td>\n",
       "      <td>-0.204056</td>\n",
       "    </tr>\n",
       "    <tr>\n",
       "      <th>two</th>\n",
       "      <td>-0.674668</td>\n",
       "      <td>0.041913</td>\n",
       "      <td>-0.499134</td>\n",
       "      <td>0.989336</td>\n",
       "    </tr>\n",
       "    <tr>\n",
       "      <th>three</th>\n",
       "      <td>0.200231</td>\n",
       "      <td>-2.535970</td>\n",
       "      <td>-0.751904</td>\n",
       "      <td>2.503647</td>\n",
       "    </tr>\n",
       "    <tr>\n",
       "      <th>four</th>\n",
       "      <td>0.640422</td>\n",
       "      <td>0.386526</td>\n",
       "      <td>0.503715</td>\n",
       "      <td>-0.159547</td>\n",
       "    </tr>\n",
       "    <tr>\n",
       "      <th>five</th>\n",
       "      <td>0.785694</td>\n",
       "      <td>-0.232325</td>\n",
       "      <td>-1.406734</td>\n",
       "      <td>0.435075</td>\n",
       "    </tr>\n",
       "    <tr>\n",
       "      <th>six</th>\n",
       "      <td>-1.673043</td>\n",
       "      <td>-0.772480</td>\n",
       "      <td>-1.588750</td>\n",
       "      <td>0.087052</td>\n",
       "    </tr>\n",
       "    <tr>\n",
       "      <th>seven</th>\n",
       "      <td>-0.141281</td>\n",
       "      <td>-0.165888</td>\n",
       "      <td>0.502484</td>\n",
       "      <td>1.333321</td>\n",
       "    </tr>\n",
       "  </tbody>\n",
       "</table>\n",
       "</div>"
      ],
      "text/plain": [
       "              a         b         c         d\n",
       "one   -0.216263 -1.012578  1.918436 -0.204056\n",
       "two   -0.674668  0.041913 -0.499134  0.989336\n",
       "three  0.200231 -2.535970 -0.751904  2.503647\n",
       "four   0.640422  0.386526  0.503715 -0.159547\n",
       "five   0.785694 -0.232325 -1.406734  0.435075\n",
       "six   -1.673043 -0.772480 -1.588750  0.087052\n",
       "seven -0.141281 -0.165888  0.502484  1.333321"
      ]
     },
     "execution_count": 5,
     "metadata": {},
     "output_type": "execute_result"
    }
   ],
   "source": [
    "data"
   ]
  },
  {
   "cell_type": "code",
   "execution_count": 6,
   "metadata": {},
   "outputs": [
    {
     "data": {
      "text/plain": [
       "(7, 4)"
      ]
     },
     "execution_count": 6,
     "metadata": {},
     "output_type": "execute_result"
    }
   ],
   "source": [
    "data.shape"
   ]
  },
  {
   "cell_type": "code",
   "execution_count": 7,
   "metadata": {},
   "outputs": [
    {
     "data": {
      "text/plain": [
       "(7, 4)"
      ]
     },
     "execution_count": 7,
     "metadata": {},
     "output_type": "execute_result"
    }
   ],
   "source": [
    "np.shape(data)"
   ]
  },
  {
   "cell_type": "code",
   "execution_count": 8,
   "metadata": {},
   "outputs": [
    {
     "data": {
      "text/html": [
       "<div>\n",
       "<style scoped>\n",
       "    .dataframe tbody tr th:only-of-type {\n",
       "        vertical-align: middle;\n",
       "    }\n",
       "\n",
       "    .dataframe tbody tr th {\n",
       "        vertical-align: top;\n",
       "    }\n",
       "\n",
       "    .dataframe thead th {\n",
       "        text-align: right;\n",
       "    }\n",
       "</style>\n",
       "<table border=\"1\" class=\"dataframe\">\n",
       "  <thead>\n",
       "    <tr style=\"text-align: right;\">\n",
       "      <th></th>\n",
       "      <th>one</th>\n",
       "      <th>two</th>\n",
       "      <th>three</th>\n",
       "      <th>four</th>\n",
       "      <th>five</th>\n",
       "      <th>six</th>\n",
       "      <th>seven</th>\n",
       "    </tr>\n",
       "  </thead>\n",
       "  <tbody>\n",
       "    <tr>\n",
       "      <th>a</th>\n",
       "      <td>-0.216263</td>\n",
       "      <td>-0.674668</td>\n",
       "      <td>0.200231</td>\n",
       "      <td>0.640422</td>\n",
       "      <td>0.785694</td>\n",
       "      <td>-1.673043</td>\n",
       "      <td>-0.141281</td>\n",
       "    </tr>\n",
       "    <tr>\n",
       "      <th>b</th>\n",
       "      <td>-1.012578</td>\n",
       "      <td>0.041913</td>\n",
       "      <td>-2.535970</td>\n",
       "      <td>0.386526</td>\n",
       "      <td>-0.232325</td>\n",
       "      <td>-0.772480</td>\n",
       "      <td>-0.165888</td>\n",
       "    </tr>\n",
       "    <tr>\n",
       "      <th>c</th>\n",
       "      <td>1.918436</td>\n",
       "      <td>-0.499134</td>\n",
       "      <td>-0.751904</td>\n",
       "      <td>0.503715</td>\n",
       "      <td>-1.406734</td>\n",
       "      <td>-1.588750</td>\n",
       "      <td>0.502484</td>\n",
       "    </tr>\n",
       "    <tr>\n",
       "      <th>d</th>\n",
       "      <td>-0.204056</td>\n",
       "      <td>0.989336</td>\n",
       "      <td>2.503647</td>\n",
       "      <td>-0.159547</td>\n",
       "      <td>0.435075</td>\n",
       "      <td>0.087052</td>\n",
       "      <td>1.333321</td>\n",
       "    </tr>\n",
       "  </tbody>\n",
       "</table>\n",
       "</div>"
      ],
      "text/plain": [
       "        one       two     three      four      five       six     seven\n",
       "a -0.216263 -0.674668  0.200231  0.640422  0.785694 -1.673043 -0.141281\n",
       "b -1.012578  0.041913 -2.535970  0.386526 -0.232325 -0.772480 -0.165888\n",
       "c  1.918436 -0.499134 -0.751904  0.503715 -1.406734 -1.588750  0.502484\n",
       "d -0.204056  0.989336  2.503647 -0.159547  0.435075  0.087052  1.333321"
      ]
     },
     "execution_count": 8,
     "metadata": {},
     "output_type": "execute_result"
    }
   ],
   "source": [
    "data.T"
   ]
  },
  {
   "cell_type": "code",
   "execution_count": 9,
   "metadata": {},
   "outputs": [
    {
     "data": {
      "text/plain": [
       "(4, 7)"
      ]
     },
     "execution_count": 9,
     "metadata": {},
     "output_type": "execute_result"
    }
   ],
   "source": [
    "data.T.shape"
   ]
  },
  {
   "cell_type": "code",
   "execution_count": 10,
   "metadata": {},
   "outputs": [
    {
     "data": {
      "text/html": [
       "<div>\n",
       "<style scoped>\n",
       "    .dataframe tbody tr th:only-of-type {\n",
       "        vertical-align: middle;\n",
       "    }\n",
       "\n",
       "    .dataframe tbody tr th {\n",
       "        vertical-align: top;\n",
       "    }\n",
       "\n",
       "    .dataframe thead th {\n",
       "        text-align: right;\n",
       "    }\n",
       "</style>\n",
       "<table border=\"1\" class=\"dataframe\">\n",
       "  <thead>\n",
       "    <tr style=\"text-align: right;\">\n",
       "      <th></th>\n",
       "      <th>a</th>\n",
       "      <th>b</th>\n",
       "      <th>c</th>\n",
       "      <th>d</th>\n",
       "    </tr>\n",
       "  </thead>\n",
       "  <tbody>\n",
       "    <tr>\n",
       "      <th>one</th>\n",
       "      <td>-0.216263</td>\n",
       "      <td>-1.012578</td>\n",
       "      <td>1.918436</td>\n",
       "      <td>-0.204056</td>\n",
       "    </tr>\n",
       "    <tr>\n",
       "      <th>two</th>\n",
       "      <td>-0.674668</td>\n",
       "      <td>0.041913</td>\n",
       "      <td>-0.499134</td>\n",
       "      <td>0.989336</td>\n",
       "    </tr>\n",
       "    <tr>\n",
       "      <th>three</th>\n",
       "      <td>0.200231</td>\n",
       "      <td>-2.535970</td>\n",
       "      <td>-0.751904</td>\n",
       "      <td>2.503647</td>\n",
       "    </tr>\n",
       "    <tr>\n",
       "      <th>four</th>\n",
       "      <td>0.640422</td>\n",
       "      <td>0.386526</td>\n",
       "      <td>0.503715</td>\n",
       "      <td>-0.159547</td>\n",
       "    </tr>\n",
       "    <tr>\n",
       "      <th>five</th>\n",
       "      <td>0.785694</td>\n",
       "      <td>-0.232325</td>\n",
       "      <td>-1.406734</td>\n",
       "      <td>0.435075</td>\n",
       "    </tr>\n",
       "    <tr>\n",
       "      <th>six</th>\n",
       "      <td>-1.673043</td>\n",
       "      <td>-0.772480</td>\n",
       "      <td>-1.588750</td>\n",
       "      <td>0.087052</td>\n",
       "    </tr>\n",
       "    <tr>\n",
       "      <th>seven</th>\n",
       "      <td>-0.141281</td>\n",
       "      <td>-0.165888</td>\n",
       "      <td>0.502484</td>\n",
       "      <td>1.333321</td>\n",
       "    </tr>\n",
       "  </tbody>\n",
       "</table>\n",
       "</div>"
      ],
      "text/plain": [
       "              a         b         c         d\n",
       "one   -0.216263 -1.012578  1.918436 -0.204056\n",
       "two   -0.674668  0.041913 -0.499134  0.989336\n",
       "three  0.200231 -2.535970 -0.751904  2.503647\n",
       "four   0.640422  0.386526  0.503715 -0.159547\n",
       "five   0.785694 -0.232325 -1.406734  0.435075\n",
       "six   -1.673043 -0.772480 -1.588750  0.087052\n",
       "seven -0.141281 -0.165888  0.502484  1.333321"
      ]
     },
     "execution_count": 10,
     "metadata": {},
     "output_type": "execute_result"
    }
   ],
   "source": [
    "data"
   ]
  },
  {
   "cell_type": "code",
   "execution_count": 11,
   "metadata": {},
   "outputs": [
    {
     "data": {
      "text/html": [
       "<div>\n",
       "<style scoped>\n",
       "    .dataframe tbody tr th:only-of-type {\n",
       "        vertical-align: middle;\n",
       "    }\n",
       "\n",
       "    .dataframe tbody tr th {\n",
       "        vertical-align: top;\n",
       "    }\n",
       "\n",
       "    .dataframe thead th {\n",
       "        text-align: right;\n",
       "    }\n",
       "</style>\n",
       "<table border=\"1\" class=\"dataframe\">\n",
       "  <thead>\n",
       "    <tr style=\"text-align: right;\">\n",
       "      <th></th>\n",
       "      <th>d</th>\n",
       "      <th>c</th>\n",
       "      <th>b</th>\n",
       "      <th>a</th>\n",
       "    </tr>\n",
       "  </thead>\n",
       "  <tbody>\n",
       "    <tr>\n",
       "      <th>one</th>\n",
       "      <td>-0.204056</td>\n",
       "      <td>1.918436</td>\n",
       "      <td>-1.012578</td>\n",
       "      <td>-0.216263</td>\n",
       "    </tr>\n",
       "    <tr>\n",
       "      <th>two</th>\n",
       "      <td>0.989336</td>\n",
       "      <td>-0.499134</td>\n",
       "      <td>0.041913</td>\n",
       "      <td>-0.674668</td>\n",
       "    </tr>\n",
       "    <tr>\n",
       "      <th>three</th>\n",
       "      <td>2.503647</td>\n",
       "      <td>-0.751904</td>\n",
       "      <td>-2.535970</td>\n",
       "      <td>0.200231</td>\n",
       "    </tr>\n",
       "    <tr>\n",
       "      <th>four</th>\n",
       "      <td>-0.159547</td>\n",
       "      <td>0.503715</td>\n",
       "      <td>0.386526</td>\n",
       "      <td>0.640422</td>\n",
       "    </tr>\n",
       "    <tr>\n",
       "      <th>five</th>\n",
       "      <td>0.435075</td>\n",
       "      <td>-1.406734</td>\n",
       "      <td>-0.232325</td>\n",
       "      <td>0.785694</td>\n",
       "    </tr>\n",
       "    <tr>\n",
       "      <th>six</th>\n",
       "      <td>0.087052</td>\n",
       "      <td>-1.588750</td>\n",
       "      <td>-0.772480</td>\n",
       "      <td>-1.673043</td>\n",
       "    </tr>\n",
       "    <tr>\n",
       "      <th>seven</th>\n",
       "      <td>1.333321</td>\n",
       "      <td>0.502484</td>\n",
       "      <td>-0.165888</td>\n",
       "      <td>-0.141281</td>\n",
       "    </tr>\n",
       "  </tbody>\n",
       "</table>\n",
       "</div>"
      ],
      "text/plain": [
       "              d         c         b         a\n",
       "one   -0.204056  1.918436 -1.012578 -0.216263\n",
       "two    0.989336 -0.499134  0.041913 -0.674668\n",
       "three  2.503647 -0.751904 -2.535970  0.200231\n",
       "four  -0.159547  0.503715  0.386526  0.640422\n",
       "five   0.435075 -1.406734 -0.232325  0.785694\n",
       "six    0.087052 -1.588750 -0.772480 -1.673043\n",
       "seven  1.333321  0.502484 -0.165888 -0.141281"
      ]
     },
     "execution_count": 11,
     "metadata": {},
     "output_type": "execute_result"
    }
   ],
   "source": [
    "data.sort_index(axis=1,ascending=False)  #axis=1 列索引  ascending=False 降序, 但是原data并没有改变，需赋值"
   ]
  },
  {
   "cell_type": "code",
   "execution_count": 12,
   "metadata": {},
   "outputs": [],
   "source": [
    "data.sort_index(axis=1,ascending=False,inplace=True)  #或直接添加inplace=True,表示改变直接生效 "
   ]
  },
  {
   "cell_type": "code",
   "execution_count": 13,
   "metadata": {},
   "outputs": [
    {
     "data": {
      "text/html": [
       "<div>\n",
       "<style scoped>\n",
       "    .dataframe tbody tr th:only-of-type {\n",
       "        vertical-align: middle;\n",
       "    }\n",
       "\n",
       "    .dataframe tbody tr th {\n",
       "        vertical-align: top;\n",
       "    }\n",
       "\n",
       "    .dataframe thead th {\n",
       "        text-align: right;\n",
       "    }\n",
       "</style>\n",
       "<table border=\"1\" class=\"dataframe\">\n",
       "  <thead>\n",
       "    <tr style=\"text-align: right;\">\n",
       "      <th></th>\n",
       "      <th>d</th>\n",
       "      <th>c</th>\n",
       "      <th>b</th>\n",
       "      <th>a</th>\n",
       "    </tr>\n",
       "  </thead>\n",
       "  <tbody>\n",
       "    <tr>\n",
       "      <th>one</th>\n",
       "      <td>-0.204056</td>\n",
       "      <td>1.918436</td>\n",
       "      <td>-1.012578</td>\n",
       "      <td>-0.216263</td>\n",
       "    </tr>\n",
       "    <tr>\n",
       "      <th>two</th>\n",
       "      <td>0.989336</td>\n",
       "      <td>-0.499134</td>\n",
       "      <td>0.041913</td>\n",
       "      <td>-0.674668</td>\n",
       "    </tr>\n",
       "    <tr>\n",
       "      <th>three</th>\n",
       "      <td>2.503647</td>\n",
       "      <td>-0.751904</td>\n",
       "      <td>-2.535970</td>\n",
       "      <td>0.200231</td>\n",
       "    </tr>\n",
       "    <tr>\n",
       "      <th>four</th>\n",
       "      <td>-0.159547</td>\n",
       "      <td>0.503715</td>\n",
       "      <td>0.386526</td>\n",
       "      <td>0.640422</td>\n",
       "    </tr>\n",
       "    <tr>\n",
       "      <th>five</th>\n",
       "      <td>0.435075</td>\n",
       "      <td>-1.406734</td>\n",
       "      <td>-0.232325</td>\n",
       "      <td>0.785694</td>\n",
       "    </tr>\n",
       "    <tr>\n",
       "      <th>six</th>\n",
       "      <td>0.087052</td>\n",
       "      <td>-1.588750</td>\n",
       "      <td>-0.772480</td>\n",
       "      <td>-1.673043</td>\n",
       "    </tr>\n",
       "    <tr>\n",
       "      <th>seven</th>\n",
       "      <td>1.333321</td>\n",
       "      <td>0.502484</td>\n",
       "      <td>-0.165888</td>\n",
       "      <td>-0.141281</td>\n",
       "    </tr>\n",
       "  </tbody>\n",
       "</table>\n",
       "</div>"
      ],
      "text/plain": [
       "              d         c         b         a\n",
       "one   -0.204056  1.918436 -1.012578 -0.216263\n",
       "two    0.989336 -0.499134  0.041913 -0.674668\n",
       "three  2.503647 -0.751904 -2.535970  0.200231\n",
       "four  -0.159547  0.503715  0.386526  0.640422\n",
       "five   0.435075 -1.406734 -0.232325  0.785694\n",
       "six    0.087052 -1.588750 -0.772480 -1.673043\n",
       "seven  1.333321  0.502484 -0.165888 -0.141281"
      ]
     },
     "execution_count": 13,
     "metadata": {},
     "output_type": "execute_result"
    }
   ],
   "source": [
    "data"
   ]
  },
  {
   "cell_type": "code",
   "execution_count": 14,
   "metadata": {},
   "outputs": [
    {
     "data": {
      "text/html": [
       "<div>\n",
       "<style scoped>\n",
       "    .dataframe tbody tr th:only-of-type {\n",
       "        vertical-align: middle;\n",
       "    }\n",
       "\n",
       "    .dataframe tbody tr th {\n",
       "        vertical-align: top;\n",
       "    }\n",
       "\n",
       "    .dataframe thead th {\n",
       "        text-align: right;\n",
       "    }\n",
       "</style>\n",
       "<table border=\"1\" class=\"dataframe\">\n",
       "  <thead>\n",
       "    <tr style=\"text-align: right;\">\n",
       "      <th></th>\n",
       "      <th>d</th>\n",
       "      <th>c</th>\n",
       "      <th>b</th>\n",
       "      <th>a</th>\n",
       "    </tr>\n",
       "  </thead>\n",
       "  <tbody>\n",
       "    <tr>\n",
       "      <th>two</th>\n",
       "      <td>0.989336</td>\n",
       "      <td>-0.499134</td>\n",
       "      <td>0.041913</td>\n",
       "      <td>-0.674668</td>\n",
       "    </tr>\n",
       "    <tr>\n",
       "      <th>three</th>\n",
       "      <td>2.503647</td>\n",
       "      <td>-0.751904</td>\n",
       "      <td>-2.535970</td>\n",
       "      <td>0.200231</td>\n",
       "    </tr>\n",
       "    <tr>\n",
       "      <th>six</th>\n",
       "      <td>0.087052</td>\n",
       "      <td>-1.588750</td>\n",
       "      <td>-0.772480</td>\n",
       "      <td>-1.673043</td>\n",
       "    </tr>\n",
       "    <tr>\n",
       "      <th>seven</th>\n",
       "      <td>1.333321</td>\n",
       "      <td>0.502484</td>\n",
       "      <td>-0.165888</td>\n",
       "      <td>-0.141281</td>\n",
       "    </tr>\n",
       "    <tr>\n",
       "      <th>one</th>\n",
       "      <td>-0.204056</td>\n",
       "      <td>1.918436</td>\n",
       "      <td>-1.012578</td>\n",
       "      <td>-0.216263</td>\n",
       "    </tr>\n",
       "    <tr>\n",
       "      <th>four</th>\n",
       "      <td>-0.159547</td>\n",
       "      <td>0.503715</td>\n",
       "      <td>0.386526</td>\n",
       "      <td>0.640422</td>\n",
       "    </tr>\n",
       "    <tr>\n",
       "      <th>five</th>\n",
       "      <td>0.435075</td>\n",
       "      <td>-1.406734</td>\n",
       "      <td>-0.232325</td>\n",
       "      <td>0.785694</td>\n",
       "    </tr>\n",
       "  </tbody>\n",
       "</table>\n",
       "</div>"
      ],
      "text/plain": [
       "              d         c         b         a\n",
       "two    0.989336 -0.499134  0.041913 -0.674668\n",
       "three  2.503647 -0.751904 -2.535970  0.200231\n",
       "six    0.087052 -1.588750 -0.772480 -1.673043\n",
       "seven  1.333321  0.502484 -0.165888 -0.141281\n",
       "one   -0.204056  1.918436 -1.012578 -0.216263\n",
       "four  -0.159547  0.503715  0.386526  0.640422\n",
       "five   0.435075 -1.406734 -0.232325  0.785694"
      ]
     },
     "execution_count": 14,
     "metadata": {},
     "output_type": "execute_result"
    }
   ],
   "source": [
    "data.sort_index(axis=0,ascending=False)  #根据行索引字母排序"
   ]
  },
  {
   "cell_type": "code",
   "execution_count": 15,
   "metadata": {},
   "outputs": [
    {
     "data": {
      "text/html": [
       "<div>\n",
       "<style scoped>\n",
       "    .dataframe tbody tr th:only-of-type {\n",
       "        vertical-align: middle;\n",
       "    }\n",
       "\n",
       "    .dataframe tbody tr th {\n",
       "        vertical-align: top;\n",
       "    }\n",
       "\n",
       "    .dataframe thead th {\n",
       "        text-align: right;\n",
       "    }\n",
       "</style>\n",
       "<table border=\"1\" class=\"dataframe\">\n",
       "  <thead>\n",
       "    <tr style=\"text-align: right;\">\n",
       "      <th></th>\n",
       "      <th>d</th>\n",
       "      <th>c</th>\n",
       "      <th>b</th>\n",
       "      <th>a</th>\n",
       "    </tr>\n",
       "  </thead>\n",
       "  <tbody>\n",
       "    <tr>\n",
       "      <th>one</th>\n",
       "      <td>-0.204056</td>\n",
       "      <td>1.918436</td>\n",
       "      <td>-1.012578</td>\n",
       "      <td>-0.216263</td>\n",
       "    </tr>\n",
       "    <tr>\n",
       "      <th>four</th>\n",
       "      <td>-0.159547</td>\n",
       "      <td>0.503715</td>\n",
       "      <td>0.386526</td>\n",
       "      <td>0.640422</td>\n",
       "    </tr>\n",
       "    <tr>\n",
       "      <th>seven</th>\n",
       "      <td>1.333321</td>\n",
       "      <td>0.502484</td>\n",
       "      <td>-0.165888</td>\n",
       "      <td>-0.141281</td>\n",
       "    </tr>\n",
       "    <tr>\n",
       "      <th>two</th>\n",
       "      <td>0.989336</td>\n",
       "      <td>-0.499134</td>\n",
       "      <td>0.041913</td>\n",
       "      <td>-0.674668</td>\n",
       "    </tr>\n",
       "    <tr>\n",
       "      <th>three</th>\n",
       "      <td>2.503647</td>\n",
       "      <td>-0.751904</td>\n",
       "      <td>-2.535970</td>\n",
       "      <td>0.200231</td>\n",
       "    </tr>\n",
       "    <tr>\n",
       "      <th>five</th>\n",
       "      <td>0.435075</td>\n",
       "      <td>-1.406734</td>\n",
       "      <td>-0.232325</td>\n",
       "      <td>0.785694</td>\n",
       "    </tr>\n",
       "    <tr>\n",
       "      <th>six</th>\n",
       "      <td>0.087052</td>\n",
       "      <td>-1.588750</td>\n",
       "      <td>-0.772480</td>\n",
       "      <td>-1.673043</td>\n",
       "    </tr>\n",
       "  </tbody>\n",
       "</table>\n",
       "</div>"
      ],
      "text/plain": [
       "              d         c         b         a\n",
       "one   -0.204056  1.918436 -1.012578 -0.216263\n",
       "four  -0.159547  0.503715  0.386526  0.640422\n",
       "seven  1.333321  0.502484 -0.165888 -0.141281\n",
       "two    0.989336 -0.499134  0.041913 -0.674668\n",
       "three  2.503647 -0.751904 -2.535970  0.200231\n",
       "five   0.435075 -1.406734 -0.232325  0.785694\n",
       "six    0.087052 -1.588750 -0.772480 -1.673043"
      ]
     },
     "execution_count": 15,
     "metadata": {},
     "output_type": "execute_result"
    }
   ],
   "source": [
    "data.sort_values(by='c',ascending=False)      # 按c列降序，DaTaFrame每一行代表一个观测，每一列代表特征"
   ]
  },
  {
   "cell_type": "code",
   "execution_count": 16,
   "metadata": {},
   "outputs": [
    {
     "data": {
      "text/html": [
       "<div>\n",
       "<style scoped>\n",
       "    .dataframe tbody tr th:only-of-type {\n",
       "        vertical-align: middle;\n",
       "    }\n",
       "\n",
       "    .dataframe tbody tr th {\n",
       "        vertical-align: top;\n",
       "    }\n",
       "\n",
       "    .dataframe thead th {\n",
       "        text-align: right;\n",
       "    }\n",
       "</style>\n",
       "<table border=\"1\" class=\"dataframe\">\n",
       "  <thead>\n",
       "    <tr style=\"text-align: right;\">\n",
       "      <th></th>\n",
       "      <th>b</th>\n",
       "      <th>c</th>\n",
       "      <th>a</th>\n",
       "      <th>d</th>\n",
       "    </tr>\n",
       "  </thead>\n",
       "  <tbody>\n",
       "    <tr>\n",
       "      <th>one</th>\n",
       "      <td>-1.012578</td>\n",
       "      <td>1.918436</td>\n",
       "      <td>-0.216263</td>\n",
       "      <td>-0.204056</td>\n",
       "    </tr>\n",
       "    <tr>\n",
       "      <th>two</th>\n",
       "      <td>0.041913</td>\n",
       "      <td>-0.499134</td>\n",
       "      <td>-0.674668</td>\n",
       "      <td>0.989336</td>\n",
       "    </tr>\n",
       "    <tr>\n",
       "      <th>three</th>\n",
       "      <td>-2.535970</td>\n",
       "      <td>-0.751904</td>\n",
       "      <td>0.200231</td>\n",
       "      <td>2.503647</td>\n",
       "    </tr>\n",
       "    <tr>\n",
       "      <th>four</th>\n",
       "      <td>0.386526</td>\n",
       "      <td>0.503715</td>\n",
       "      <td>0.640422</td>\n",
       "      <td>-0.159547</td>\n",
       "    </tr>\n",
       "    <tr>\n",
       "      <th>five</th>\n",
       "      <td>-0.232325</td>\n",
       "      <td>-1.406734</td>\n",
       "      <td>0.785694</td>\n",
       "      <td>0.435075</td>\n",
       "    </tr>\n",
       "    <tr>\n",
       "      <th>six</th>\n",
       "      <td>-0.772480</td>\n",
       "      <td>-1.588750</td>\n",
       "      <td>-1.673043</td>\n",
       "      <td>0.087052</td>\n",
       "    </tr>\n",
       "    <tr>\n",
       "      <th>seven</th>\n",
       "      <td>-0.165888</td>\n",
       "      <td>0.502484</td>\n",
       "      <td>-0.141281</td>\n",
       "      <td>1.333321</td>\n",
       "    </tr>\n",
       "  </tbody>\n",
       "</table>\n",
       "</div>"
      ],
      "text/plain": [
       "              b         c         a         d\n",
       "one   -1.012578  1.918436 -0.216263 -0.204056\n",
       "two    0.041913 -0.499134 -0.674668  0.989336\n",
       "three -2.535970 -0.751904  0.200231  2.503647\n",
       "four   0.386526  0.503715  0.640422 -0.159547\n",
       "five  -0.232325 -1.406734  0.785694  0.435075\n",
       "six   -0.772480 -1.588750 -1.673043  0.087052\n",
       "seven -0.165888  0.502484 -0.141281  1.333321"
      ]
     },
     "execution_count": 16,
     "metadata": {},
     "output_type": "execute_result"
    }
   ],
   "source": [
    "data.reindex(columns=['b','c','a','d'])  #按要求排序列"
   ]
  },
  {
   "cell_type": "code",
   "execution_count": 17,
   "metadata": {},
   "outputs": [
    {
     "data": {
      "text/html": [
       "<div>\n",
       "<style scoped>\n",
       "    .dataframe tbody tr th:only-of-type {\n",
       "        vertical-align: middle;\n",
       "    }\n",
       "\n",
       "    .dataframe tbody tr th {\n",
       "        vertical-align: top;\n",
       "    }\n",
       "\n",
       "    .dataframe thead th {\n",
       "        text-align: right;\n",
       "    }\n",
       "</style>\n",
       "<table border=\"1\" class=\"dataframe\">\n",
       "  <thead>\n",
       "    <tr style=\"text-align: right;\">\n",
       "      <th></th>\n",
       "      <th>b</th>\n",
       "      <th>c</th>\n",
       "      <th>a</th>\n",
       "      <th>d</th>\n",
       "      <th>e</th>\n",
       "    </tr>\n",
       "  </thead>\n",
       "  <tbody>\n",
       "    <tr>\n",
       "      <th>one</th>\n",
       "      <td>-1.012578</td>\n",
       "      <td>1.918436</td>\n",
       "      <td>-0.216263</td>\n",
       "      <td>-0.204056</td>\n",
       "      <td>NaN</td>\n",
       "    </tr>\n",
       "    <tr>\n",
       "      <th>two</th>\n",
       "      <td>0.041913</td>\n",
       "      <td>-0.499134</td>\n",
       "      <td>-0.674668</td>\n",
       "      <td>0.989336</td>\n",
       "      <td>NaN</td>\n",
       "    </tr>\n",
       "    <tr>\n",
       "      <th>three</th>\n",
       "      <td>-2.535970</td>\n",
       "      <td>-0.751904</td>\n",
       "      <td>0.200231</td>\n",
       "      <td>2.503647</td>\n",
       "      <td>NaN</td>\n",
       "    </tr>\n",
       "    <tr>\n",
       "      <th>four</th>\n",
       "      <td>0.386526</td>\n",
       "      <td>0.503715</td>\n",
       "      <td>0.640422</td>\n",
       "      <td>-0.159547</td>\n",
       "      <td>NaN</td>\n",
       "    </tr>\n",
       "    <tr>\n",
       "      <th>five</th>\n",
       "      <td>-0.232325</td>\n",
       "      <td>-1.406734</td>\n",
       "      <td>0.785694</td>\n",
       "      <td>0.435075</td>\n",
       "      <td>NaN</td>\n",
       "    </tr>\n",
       "    <tr>\n",
       "      <th>six</th>\n",
       "      <td>-0.772480</td>\n",
       "      <td>-1.588750</td>\n",
       "      <td>-1.673043</td>\n",
       "      <td>0.087052</td>\n",
       "      <td>NaN</td>\n",
       "    </tr>\n",
       "    <tr>\n",
       "      <th>seven</th>\n",
       "      <td>-0.165888</td>\n",
       "      <td>0.502484</td>\n",
       "      <td>-0.141281</td>\n",
       "      <td>1.333321</td>\n",
       "      <td>NaN</td>\n",
       "    </tr>\n",
       "  </tbody>\n",
       "</table>\n",
       "</div>"
      ],
      "text/plain": [
       "              b         c         a         d   e\n",
       "one   -1.012578  1.918436 -0.216263 -0.204056 NaN\n",
       "two    0.041913 -0.499134 -0.674668  0.989336 NaN\n",
       "three -2.535970 -0.751904  0.200231  2.503647 NaN\n",
       "four   0.386526  0.503715  0.640422 -0.159547 NaN\n",
       "five  -0.232325 -1.406734  0.785694  0.435075 NaN\n",
       "six   -0.772480 -1.588750 -1.673043  0.087052 NaN\n",
       "seven -0.165888  0.502484 -0.141281  1.333321 NaN"
      ]
     },
     "execution_count": 17,
     "metadata": {},
     "output_type": "execute_result"
    }
   ],
   "source": [
    "data.reindex(columns=['b','c','a','d','e']) #添加不存在的列，会出现None值"
   ]
  },
  {
   "cell_type": "code",
   "execution_count": 18,
   "metadata": {},
   "outputs": [
    {
     "ename": "SyntaxError",
     "evalue": "invalid character in identifier (<ipython-input-18-21864db0a619>, line 1)",
     "output_type": "error",
     "traceback": [
      "\u001b[1;36m  File \u001b[1;32m\"<ipython-input-18-21864db0a619>\"\u001b[1;36m, line \u001b[1;32m1\u001b[0m\n\u001b[1;33m    data.reindex(columns=['b','c','a'])，也可去掉某些列\u001b[0m\n\u001b[1;37m                                              ^\u001b[0m\n\u001b[1;31mSyntaxError\u001b[0m\u001b[1;31m:\u001b[0m invalid character in identifier\n"
     ]
    }
   ],
   "source": [
    "data.reindex(columns=['b','c','a'])，也可去掉某些列"
   ]
  },
  {
   "cell_type": "code",
   "execution_count": 20,
   "metadata": {},
   "outputs": [
    {
     "data": {
      "text/html": [
       "<div>\n",
       "<style scoped>\n",
       "    .dataframe tbody tr th:only-of-type {\n",
       "        vertical-align: middle;\n",
       "    }\n",
       "\n",
       "    .dataframe tbody tr th {\n",
       "        vertical-align: top;\n",
       "    }\n",
       "\n",
       "    .dataframe thead th {\n",
       "        text-align: right;\n",
       "    }\n",
       "</style>\n",
       "<table border=\"1\" class=\"dataframe\">\n",
       "  <thead>\n",
       "    <tr style=\"text-align: right;\">\n",
       "      <th></th>\n",
       "      <th>d</th>\n",
       "      <th>c</th>\n",
       "      <th>b</th>\n",
       "      <th>a</th>\n",
       "    </tr>\n",
       "  </thead>\n",
       "  <tbody>\n",
       "    <tr>\n",
       "      <th>one</th>\n",
       "      <td>-0.204056</td>\n",
       "      <td>1.918436</td>\n",
       "      <td>-1.012578</td>\n",
       "      <td>-0.216263</td>\n",
       "    </tr>\n",
       "    <tr>\n",
       "      <th>three</th>\n",
       "      <td>2.503647</td>\n",
       "      <td>-0.751904</td>\n",
       "      <td>-2.535970</td>\n",
       "      <td>0.200231</td>\n",
       "    </tr>\n",
       "    <tr>\n",
       "      <th>two</th>\n",
       "      <td>0.989336</td>\n",
       "      <td>-0.499134</td>\n",
       "      <td>0.041913</td>\n",
       "      <td>-0.674668</td>\n",
       "    </tr>\n",
       "    <tr>\n",
       "      <th>four</th>\n",
       "      <td>-0.159547</td>\n",
       "      <td>0.503715</td>\n",
       "      <td>0.386526</td>\n",
       "      <td>0.640422</td>\n",
       "    </tr>\n",
       "  </tbody>\n",
       "</table>\n",
       "</div>"
      ],
      "text/plain": [
       "              d         c         b         a\n",
       "one   -0.204056  1.918436 -1.012578 -0.216263\n",
       "three  2.503647 -0.751904 -2.535970  0.200231\n",
       "two    0.989336 -0.499134  0.041913 -0.674668\n",
       "four  -0.159547  0.503715  0.386526  0.640422"
      ]
     },
     "execution_count": 20,
     "metadata": {},
     "output_type": "execute_result"
    }
   ],
   "source": [
    "data.reindex(index=['one','three','two','four']) #行同理"
   ]
  },
  {
   "cell_type": "markdown",
   "metadata": {},
   "source": [
    "DataFrame运算同时按行索引和列索引对齐"
   ]
  },
  {
   "cell_type": "code",
   "execution_count": 21,
   "metadata": {},
   "outputs": [],
   "source": [
    "data1=data.reindex(columns=['b','c','e','d'],index=['one','two','three','four','six','seven'])"
   ]
  },
  {
   "cell_type": "code",
   "execution_count": 22,
   "metadata": {},
   "outputs": [
    {
     "data": {
      "text/html": [
       "<div>\n",
       "<style scoped>\n",
       "    .dataframe tbody tr th:only-of-type {\n",
       "        vertical-align: middle;\n",
       "    }\n",
       "\n",
       "    .dataframe tbody tr th {\n",
       "        vertical-align: top;\n",
       "    }\n",
       "\n",
       "    .dataframe thead th {\n",
       "        text-align: right;\n",
       "    }\n",
       "</style>\n",
       "<table border=\"1\" class=\"dataframe\">\n",
       "  <thead>\n",
       "    <tr style=\"text-align: right;\">\n",
       "      <th></th>\n",
       "      <th>b</th>\n",
       "      <th>c</th>\n",
       "      <th>e</th>\n",
       "      <th>d</th>\n",
       "    </tr>\n",
       "  </thead>\n",
       "  <tbody>\n",
       "    <tr>\n",
       "      <th>one</th>\n",
       "      <td>-1.012578</td>\n",
       "      <td>1.918436</td>\n",
       "      <td>NaN</td>\n",
       "      <td>-0.204056</td>\n",
       "    </tr>\n",
       "    <tr>\n",
       "      <th>two</th>\n",
       "      <td>0.041913</td>\n",
       "      <td>-0.499134</td>\n",
       "      <td>NaN</td>\n",
       "      <td>0.989336</td>\n",
       "    </tr>\n",
       "    <tr>\n",
       "      <th>three</th>\n",
       "      <td>-2.535970</td>\n",
       "      <td>-0.751904</td>\n",
       "      <td>NaN</td>\n",
       "      <td>2.503647</td>\n",
       "    </tr>\n",
       "    <tr>\n",
       "      <th>four</th>\n",
       "      <td>0.386526</td>\n",
       "      <td>0.503715</td>\n",
       "      <td>NaN</td>\n",
       "      <td>-0.159547</td>\n",
       "    </tr>\n",
       "    <tr>\n",
       "      <th>six</th>\n",
       "      <td>-0.772480</td>\n",
       "      <td>-1.588750</td>\n",
       "      <td>NaN</td>\n",
       "      <td>0.087052</td>\n",
       "    </tr>\n",
       "    <tr>\n",
       "      <th>seven</th>\n",
       "      <td>-0.165888</td>\n",
       "      <td>0.502484</td>\n",
       "      <td>NaN</td>\n",
       "      <td>1.333321</td>\n",
       "    </tr>\n",
       "  </tbody>\n",
       "</table>\n",
       "</div>"
      ],
      "text/plain": [
       "              b         c   e         d\n",
       "one   -1.012578  1.918436 NaN -0.204056\n",
       "two    0.041913 -0.499134 NaN  0.989336\n",
       "three -2.535970 -0.751904 NaN  2.503647\n",
       "four   0.386526  0.503715 NaN -0.159547\n",
       "six   -0.772480 -1.588750 NaN  0.087052\n",
       "seven -0.165888  0.502484 NaN  1.333321"
      ]
     },
     "execution_count": 22,
     "metadata": {},
     "output_type": "execute_result"
    }
   ],
   "source": [
    "data1"
   ]
  },
  {
   "cell_type": "code",
   "execution_count": 23,
   "metadata": {},
   "outputs": [
    {
     "data": {
      "text/html": [
       "<div>\n",
       "<style scoped>\n",
       "    .dataframe tbody tr th:only-of-type {\n",
       "        vertical-align: middle;\n",
       "    }\n",
       "\n",
       "    .dataframe tbody tr th {\n",
       "        vertical-align: top;\n",
       "    }\n",
       "\n",
       "    .dataframe thead th {\n",
       "        text-align: right;\n",
       "    }\n",
       "</style>\n",
       "<table border=\"1\" class=\"dataframe\">\n",
       "  <thead>\n",
       "    <tr style=\"text-align: right;\">\n",
       "      <th></th>\n",
       "      <th>d</th>\n",
       "      <th>c</th>\n",
       "      <th>b</th>\n",
       "      <th>a</th>\n",
       "    </tr>\n",
       "  </thead>\n",
       "  <tbody>\n",
       "    <tr>\n",
       "      <th>one</th>\n",
       "      <td>-0.204056</td>\n",
       "      <td>1.918436</td>\n",
       "      <td>-1.012578</td>\n",
       "      <td>-0.216263</td>\n",
       "    </tr>\n",
       "    <tr>\n",
       "      <th>two</th>\n",
       "      <td>0.989336</td>\n",
       "      <td>-0.499134</td>\n",
       "      <td>0.041913</td>\n",
       "      <td>-0.674668</td>\n",
       "    </tr>\n",
       "    <tr>\n",
       "      <th>three</th>\n",
       "      <td>2.503647</td>\n",
       "      <td>-0.751904</td>\n",
       "      <td>-2.535970</td>\n",
       "      <td>0.200231</td>\n",
       "    </tr>\n",
       "    <tr>\n",
       "      <th>four</th>\n",
       "      <td>-0.159547</td>\n",
       "      <td>0.503715</td>\n",
       "      <td>0.386526</td>\n",
       "      <td>0.640422</td>\n",
       "    </tr>\n",
       "    <tr>\n",
       "      <th>five</th>\n",
       "      <td>0.435075</td>\n",
       "      <td>-1.406734</td>\n",
       "      <td>-0.232325</td>\n",
       "      <td>0.785694</td>\n",
       "    </tr>\n",
       "    <tr>\n",
       "      <th>six</th>\n",
       "      <td>0.087052</td>\n",
       "      <td>-1.588750</td>\n",
       "      <td>-0.772480</td>\n",
       "      <td>-1.673043</td>\n",
       "    </tr>\n",
       "    <tr>\n",
       "      <th>seven</th>\n",
       "      <td>1.333321</td>\n",
       "      <td>0.502484</td>\n",
       "      <td>-0.165888</td>\n",
       "      <td>-0.141281</td>\n",
       "    </tr>\n",
       "  </tbody>\n",
       "</table>\n",
       "</div>"
      ],
      "text/plain": [
       "              d         c         b         a\n",
       "one   -0.204056  1.918436 -1.012578 -0.216263\n",
       "two    0.989336 -0.499134  0.041913 -0.674668\n",
       "three  2.503647 -0.751904 -2.535970  0.200231\n",
       "four  -0.159547  0.503715  0.386526  0.640422\n",
       "five   0.435075 -1.406734 -0.232325  0.785694\n",
       "six    0.087052 -1.588750 -0.772480 -1.673043\n",
       "seven  1.333321  0.502484 -0.165888 -0.141281"
      ]
     },
     "execution_count": 23,
     "metadata": {},
     "output_type": "execute_result"
    }
   ],
   "source": [
    "data"
   ]
  },
  {
   "cell_type": "code",
   "execution_count": 24,
   "metadata": {},
   "outputs": [
    {
     "data": {
      "text/html": [
       "<div>\n",
       "<style scoped>\n",
       "    .dataframe tbody tr th:only-of-type {\n",
       "        vertical-align: middle;\n",
       "    }\n",
       "\n",
       "    .dataframe tbody tr th {\n",
       "        vertical-align: top;\n",
       "    }\n",
       "\n",
       "    .dataframe thead th {\n",
       "        text-align: right;\n",
